# oST version 5.0 parameters


[image]

width
1920

height
1080

[narrow_stereo]

camera matrix
1827.404149 0.000000 1110.285425
0.000000 1811.526621 506.778744
0.000000 0.000000 1.000000

distortion
0.000064 -0.022242 -0.007017 0.015032 0.000000

rectification
1.000000 0.000000 0.000000
0.000000 1.000000 0.000000
0.000000 0.000000 1.000000

projection
1811.667725 0.000000 1135.408633 0.000000
0.000000 1828.729980 500.553914 0.000000
0.000000 0.000000 1.000000 0.000000

