# oST version 5.0 parameters


[image]

width
1920

height
1080

[narrow_stereo]

camera matrix
1821.057706 0.000000 929.720445
0.000000 1821.747824 579.758654
0.000000 0.000000 1.000000

distortion
-0.023417 -0.035429 -0.003621 -0.003692 0.000000

rectification
1.000000 0.000000 0.000000
0.000000 1.000000 0.000000
0.000000 0.000000 1.000000

projection
1801.301282 0.000000 922.462085 0.000000
0.000000 1814.219043 577.415974 0.000000
0.000000 0.000000 1.000000 0.000000

