# oST version 5.0 parameters


[image]

width
1920

height
1080

[narrow_stereo/left]

camera matrix
1590.212391 0.000000 1423.423923
0.000000 1596.347485 574.664808
0.000000 0.000000 1.000000

distortion
0.054215 -0.074951 0.003137 -0.009301 0.000000

rectification
0.583610 -0.046289 0.810714
0.035583 0.998873 0.031417
-0.811254 0.010513 0.584599

projection
5782.910421 0.000000 -1382.263832 0.000000
0.000000 5782.910421 533.000000 0.000000
0.000000 0.000000 1.000000 0.000000

# oST version 5.0 parameters


[image]

width
1920

height
1080

[narrow_stereo/right]

camera matrix
2261.579267 0.000000 671.941507
0.000000 2341.525819 556.734058
0.000000 0.000000 1.000000

distortion
0.049582 -0.582902 -0.009423 0.088124 0.000000

rectification
0.771868 -0.017167 0.635551
0.025097 0.999679 -0.003477
-0.635287 0.018634 0.772051

projection
5782.910421 0.000000 -1382.263832 7837.982864
0.000000 5782.910421 533.000000 0.000000
0.000000 0.000000 1.000000 0.000000

