# oST version 5.0 parameters


[image]

width
1920

height
1080

[narrow_stereo/left]

camera matrix
1337.100302 0.000000 1109.926944
0.000000 1345.439289 687.214007
0.000000 0.000000 1.000000

distortion
0.005688 -0.027731 0.022002 0.031117 0.000000

rectification
0.986175 0.067154 0.151491
-0.067069 0.997732 -0.005677
-0.151529 -0.004562 0.988442

projection
1473.588471 0.000000 854.820854 0.000000
0.000000 1473.588471 709.445030 0.000000
0.000000 0.000000 1.000000 0.000000

# oST version 5.0 parameters


[image]

width
1920

height
1080

[narrow_stereo/right]

camera matrix
1321.957880 0.000000 968.952284
0.000000 1339.286391 667.933494
0.000000 0.000000 1.000000

distortion
-0.060276 -0.043274 0.004843 0.019075 0.000000

rectification
0.991767 0.039866 0.121693
-0.039934 0.999201 -0.001879
-0.121670 -0.002996 0.992566

projection
1473.588471 0.000000 854.820854 536.487465
0.000000 1473.588471 709.445030 0.000000
0.000000 0.000000 1.000000 0.000000

