# oST version 5.0 parameters


[image]

width
1920

height
1080

[narrow_stereo/left]

camera matrix
1446.988747 0.000000 1020.762355
0.000000 1432.687925 584.733387
0.000000 0.000000 1.000000

distortion
0.134189 -0.167068 0.013869 0.028837 0.000000

rectification
0.955833 0.040739 -0.291074
-0.048912 0.998585 -0.020853
0.289812 0.034169 0.956473

projection
1888.211878 0.000000 1753.907009 0.000000
0.000000 1888.211878 631.858906 0.000000
0.000000 0.000000 1.000000 0.000000

# oST version 5.0 parameters


[image]

width
1920

height
1080

[narrow_stereo/right]

camera matrix
1339.892960 0.000000 969.562189
0.000000 1335.889728 632.533384
0.000000 0.000000 1.000000

distortion
-0.039431 -0.019269 0.025607 0.013917 0.000000

rectification
0.943422 0.056867 -0.326682
-0.047625 0.998208 0.036228
0.328157 -0.018620 0.944440

projection
1888.211878 0.000000 1753.907009 1228.668916
0.000000 1888.211878 631.858906 0.000000
0.000000 0.000000 1.000000 0.000000

